14.041980
13.856507
12.667690
11.745441
12.823343
12.720853
12.463710
12.705015
12.370978
11.136412
11.025729
10.880343
10.378074
10.951648
10.183515
10.473279
10.015931
9.997173
9.510107
9.001183
14.049252
13.838630
12.972865
12.403864
12.075186
11.922530
11.233914
12.055107
12.811832
10.900765
10.733378
11.097939
10.630731
11.229797
10.302326
10.271516
10.119244
9.846200
9.476492
9.046944
13.943520
13.619768
13.098971
12.218209
11.936781
12.314850
11.849115
10.713208
12.547944
12.412345
11.049064
9.069055
4.953146
8.286536
6.189929
9.499562
10.276502
9.484707
9.299172
9.170488
13.250526
13.131615
12.982038
12.162540
10.309975
11.191635
12.068360
11.087617
10.825651
12.303132
7.282953
-2.408545
-6.373535
-4.106370
-4.215511
7.811756
10.327750
9.677888
9.427819
9.228102
13.007357
12.991572
12.840904
8.702210
4.567744
5.754407
11.323254
11.802921
10.332242
10.733974
5.972281
-5.942877
-6.693982
-7.023689
-5.757375
5.973131
10.334108
10.086156
9.406646
9.373825
12.999998
12.994546
12.863902
7.563143
3.961186
4.815329
10.587060
10.998934
10.304350
9.727578
4.326966
-6.412060
-7.193176
-7.453262
-6.962054
2.001324
9.559695
9.634720
9.134015
9.606862
13.001256
12.618134
12.668904
9.008403
4.161096
4.235566
8.354009
9.506204
8.228112
8.603251
0.166473
-6.561760
-7.039528
-7.092112
-6.992068
-2.079338
9.100904
9.678096
9.318766
9.895347
12.966379
12.671111
12.820057
9.987659
4.296222
4.098484
5.701579
8.734467
8.074117
7.794391
-1.150962
-6.357093
-6.998407
-7.000000
-6.992427
-5.148176
5.067589
9.843305
9.727891
9.973642
11.955549
11.826754
12.856477
10.096178
4.488305
4.020098
4.721571
8.279492
8.484988
7.867803
1.537123
-5.991340
-6.570833
-6.876128
-6.588081
-6.193383
1.525796
9.899568
9.969745
9.974860
11.924325
11.785368
12.669983
11.698994
5.951603
4.236650
4.933407
6.782024
9.576471
8.606579
1.494205
-5.913676
-6.245821
-6.738016
-3.746905
-5.525609
0.565109
9.469266
9.918900
9.563245
11.132470
11.111803
11.638052
12.285583
9.396291
5.396293
4.951946
6.145100
10.272900
10.288152
1.486120
-5.532710
-6.392601
-6.944824
-5.355813
-5.566722
-2.591958
8.665300
9.604541
8.100488
10.028522
10.307056
11.331331
11.095500
9.971126
8.915579
7.885842
6.898803
10.129772
10.577518
6.303821
-2.897555
-5.694468
-5.716503
-5.235979
-4.350072
4.207850
9.130692
9.062176
7.579476
9.204288
9.523670
10.770033
10.459370
10.333377
10.331527
9.789077
7.742574
9.588717
10.191280
8.642930
0.273862
-4.744215
-4.585079
-4.995687
-4.517300
5.409961
9.467755
8.140099
6.829630
9.310662
8.370059
9.431179
9.358401
9.560647
9.730830
9.489693
8.639159
8.433602
10.047241
8.776876
5.222367
-2.481792
-4.240936
-4.576535
-3.726319
5.572109
9.192089
8.645713
7.017038
7.744197
6.223947
8.061064
8.736814
8.739727
8.173737
8.200165
7.630538
7.234615
9.317889
8.761530
7.923941
3.123861
-1.644529
-3.328548
-3.336617
2.609491
8.483889
8.151335
6.833899
4.239282
4.311950
7.764081
9.944901
9.849009
9.480343
9.905443
8.244085
6.821704
7.308193
7.763665
8.605253
9.122800
1.018082
-2.265907
-2.012927
2.398516
6.442422
7.380490
5.951118
4.632986
4.098199
6.018401
9.212313
9.113095
9.613613
10.216850
8.662203
7.271178
7.302279
7.121278
7.363551
8.013299
4.439496
5.015917
0.350808
3.126575
4.557462
6.575252
6.630867
6.480202
4.391575
4.765382
7.501827
9.003549
9.675342
9.998241
7.904809
7.667905
7.665756
7.308171
7.760193
6.881047
6.842824
8.113649
2.793828
2.057207
4.024097
5.313841
6.824759
7.269491
5.010255
5.165824
6.635898
9.451629
9.422398
9.449368
7.408358
7.273524
7.961557
7.572816
7.351137
7.335688
7.384880
7.219127
4.988396
0.409811
3.872300
4.491720
6.572296
8.511294
7.048415
5.529991
5.256212
6.965892
7.972748
8.217847
6.749660
7.663073
8.677773
7.760314
6.738651
8.067097
7.716951
7.399574
5.217580
0.643985
3.880869
4.752689
6.476199
