3.137639
3.024148
4.453907
6.816772
7.000000
7.000000
7.000000
7.000000
6.992251
6.691653
4.944919
4.433868
3.113816
1.414173
2.839675
2.343281
2.857081
4.848147
4.721722
2.861467
2.981542
3.009398
3.873406
6.530570
6.999999
6.999999
6.999999
6.974990
5.678655
3.020480
1.864038
2.274549
2.160307
1.548761
2.517724
4.276098
4.879282
4.996309
4.507048
3.866288
2.559904
3.087521
4.760377
6.803941
6.999999
6.999999
6.999999
6.759324
3.012603
1.252959
1.301275
1.929835
2.167945
3.034628
4.130297
4.998682
5.014054
5.002017
5.000000
4.999999
1.721389
3.312936
5.662661
6.497486
6.993421
6.999999
6.998576
6.041497
2.551450
2.134766
2.429446
2.443795
2.765047
3.223979
4.578937
5.440877
5.639641
5.339509
4.834852
4.131030
1.590722
3.570836
4.542594
6.183139
6.957199
6.973095
6.946939
5.989122
4.386660
4.586590
3.563928
2.992985
2.999209
3.196063
4.768283
5.708677
5.512803
3.968745
2.848823
1.898247
1.337646
2.395768
4.671312
6.624668
6.482474
6.589912
6.596187
6.059273
5.999848
5.992300
4.422540
2.996396
2.996462
3.103308
4.574873
5.060598
3.666307
2.044289
2.307134
3.850572
1.319990
1.554230
4.020197
5.710307
3.986747
5.342708
5.892799
5.923723
6.005310
5.998570
4.799358
2.970823
2.863918
2.996345
4.503581
4.854130
2.945318
3.246938
5.232265
5.929815
1.087397
2.563134
3.389182
1.612295
-2.913135
-1.395586
0.169473
1.049626
4.244185
5.234883
5.174443
3.030965
2.817431
3.010663
4.206526
4.913443
4.600860
5.633682
5.997794
5.999999
1.980088
4.854831
3.362308
-1.779939
-3.936733
-3.807893
-3.280119
-3.101312
-1.855135
1.516715
5.005424
3.118197
2.998719
2.998955
3.825661
4.980596
5.608819
5.999533
6.000000
6.019935
4.399428
5.624380
3.414210
-1.737485
-3.523129
-3.875559
-3.279783
-3.193199
-2.978933
1.190682
4.693384
3.559073
3.028663
3.031787
4.181109
4.990633
5.599631
5.998899
5.999424
5.996215
4.696845
3.895468
2.560034
-0.013676
-3.359347
-3.901956
-3.756096
-3.654207
-3.019593
-1.774394
3.124826
4.936922
4.024697
4.070035
5.106290
5.056157
5.393129
5.984550
5.995130
5.998856
3.397494
4.493581
1.456278
-2.489325
-3.751476
-3.994899
-3.999956
-3.985602
-3.641555
-2.911083
1.148914
5.121216
4.807055
5.434114
5.757181
5.538542
5.841397
5.995903
6.000000
6.011168
4.506759
5.189620
1.428107
-3.131285
-3.911676
-3.997417
-4.000000
-4.000000
-3.981555
-3.486643
-0.589049
4.581587
3.884777
4.986951
5.433293
5.855915
5.994309
5.995107
5.999846
6.015236
4.404208
2.737516
0.297544
-3.261401
-3.900492
-4.000000
-4.000000
-4.000000
-3.993678
-3.670317
-0.785038
4.808661
4.439273
5.183921
5.163893
5.595858
5.888820
5.681850
5.931740
5.820220
2.873190
2.078760
1.102072
-2.420062
-3.810220
-4.000000
-4.000000
-3.932384
-3.776850
-3.265579
0.017676
4.399742
4.153334
5.664594
5.706695
5.956622
5.586734
5.011446
5.216438
5.239419
4.343730
3.477092
3.988765
-0.037574
-2.842722
-3.904884
-3.964833
-3.790658
-3.225870
-2.718243
1.674290
3.794657
3.190440
4.748031
5.863714
5.965219
5.234284
4.831116
4.875294
5.059256
5.991004
4.404646
5.250799
3.521008
1.034554
-2.427763
-3.000665
-2.824257
-1.369531
0.867658
4.580045
3.706979
3.821873
5.255208
5.954901
5.930459
5.341943
4.733411
5.449046
5.663130
4.365649
3.253976
3.318397
4.062421
4.605986
2.289476
2.882584
1.077026
0.299237
4.597292
4.107174
2.899634
4.713558
5.690825
5.902925
5.418632
5.048676
5.266378
5.963753
5.997827
3.075864
3.000556
3.021484
3.191149
3.431328
2.913328
1.964422
-0.614605
-1.009755
0.976197
-0.594888
-0.277304
2.879966
5.727257
5.584929
5.088645
5.033782
5.548587
5.993394
5.965162
2.999999
2.999633
2.854370
2.974347
3.005077
2.096224
-1.543955
-0.713223
-1.772125
-1.870263
-1.723731
1.091443
4.491877
5.167675
5.120543
5.077384
5.071627
5.268657
5.729275
5.834993
