14.000000
14.000000
13.999999
14.000000
13.999999
14.001020
14.818121
15.965973
16.000000
16.166733
16.980738
17.000771
16.999994
16.999992
16.999994
17.173676
17.297245
17.007473
16.698273
14.004183
14.000000
14.000000
13.999999
14.000000
13.999999
14.000000
14.369040
15.800060
16.000000
16.105474
16.838346
16.999990
16.999990
16.999990
16.999990
17.036871
17.020109
16.999990
16.999994
17.025263
13.999998
13.999999
13.999997
13.999999
13.999997
14.002927
14.281586
15.557637
16.000292
16.294069
16.796089
16.997089
16.999990
16.999990
16.999990
16.999990
17.008213
17.013199
17.065699
17.505150
14.000000
14.000000
13.999999
14.000000
14.001251
14.202110
14.808034
15.401425
15.994621
16.173079
16.737497
16.998625
16.999990
16.999990
16.999990
16.999990
17.003231
17.084044
17.598230
17.970896
13.999998
13.999999
13.999997
14.000072
14.130909
14.757324
15.105475
15.679740
15.998450
16.123890
16.776598
16.999701
16.999990
16.999990
16.999990
17.000221
17.093287
17.634735
17.980387
17.999996
13.898772
13.973881
13.999657
14.011692
14.568534
15.039012
15.661779
15.986064
15.999955
16.050146
16.572983
15.750030
14.569954
15.986979
16.844048
16.991631
17.652695
17.983782
18.000000
17.999996
12.577014
12.808503
13.605920
14.021000
14.691935
15.024795
15.611852
15.830357
15.986765
15.396353
14.545905
8.716957
4.861026
7.266823
9.490365
10.191054
12.087608
13.535564
16.288370
17.665670
13.479416
13.160864
13.695252
14.235284
14.862969
15.000340
15.102366
14.084063
11.001115
5.254075
2.760368
1.744387
1.805008
2.325973
3.185892
4.329021
6.938227
8.680584
9.735158
11.599481
13.999954
14.001642
14.440921
14.894911
14.994349
14.299770
10.679059
3.449879
-0.303155
-0.426692
-0.616612
-0.312646
0.962521
2.400180
3.994097
5.272695
14.217875
17.162945
12.752821
9.092664
13.939906
14.000579
14.358937
14.835841
12.297276
3.933562
-1.551689
-2.675614
-2.600949
-2.094145
-0.946930
0.364559
1.810423
3.778143
4.763441
5.341990
13.533556
14.231705
9.626073
10.422753
10.559239
13.035175
12.314808
5.049638
-0.113374
-3.589215
-3.997398
-3.919937
-2.806773
-1.203449
-0.258005
0.939297
2.099395
3.375606
4.487223
5.589361
7.421072
8.844938
9.460706
14.276954
9.289178
1.142771
-0.860758
-4.595652
-4.923572
-4.988829
-4.754420
-4.182928
-1.699568
-0.099722
0.134894
1.213745
2.101347
2.974818
4.154186
5.257850
6.127536
7.483010
8.536291
9.610264
-1.188627
-5.131529
-6.285489
-6.623284
-6.544617
-6.161718
-4.951068
-3.809589
-1.901199
-0.411446
-0.200423
0.624290
0.887958
1.456464
2.445982
4.510665
8.031741
9.013630
8.922918
8.976963
-5.939183
-6.874326
-7.275967
-7.538035
-6.814857
-5.938364
-4.948746
-4.058617
-3.227685
-2.852751
-2.779537
-1.700024
0.938527
6.076237
9.129173
11.825172
12.731117
12.087043
11.334485
10.322403
-7.926835
-8.288988
-8.371808
-5.285476
-6.810537
-6.947500
-6.583995
-6.148436
-5.730851
-4.443955
-1.851592
5.065897
14.414711
17.181324
13.860983
12.977282
12.354868
12.839344
13.079679
13.310493
-9.576471
-9.392942
-8.783003
-8.132271
-9.643275
-9.497795
-8.889159
-7.894724
-5.531107
5.400144
14.509492
18.006554
18.999031
17.840143
14.055636
12.633331
12.825912
13.061915
13.652581
14.120103
-11.102509
-11.805138
-12.400892
-12.586847
-12.048015
-10.139080
-5.345907
-4.784857
-5.799803
11.637525
18.981943
18.995459
18.503214
16.199318
14.759554
13.013081
12.292947
12.723841
13.763011
14.714274
-12.940577
-12.993257
-13.011054
-12.537006
-6.393523
2.573787
10.627551
11.360251
4.375158
3.303337
17.388517
18.057730
15.999902
15.827820
17.554611
12.863053
11.416199
11.897980
13.373612
14.895763
-13.542693
-13.192532
-8.818593
1.339317
8.513749
11.367811
12.780068
13.848283
13.856963
11.670938
14.916472
15.445209
15.736932
18.120209
15.110913
10.303670
10.141853
10.798953
12.574329
14.686790
-13.887595
-12.304395
-0.425443
10.921011
11.143224
11.833795
12.836171
13.850622
14.064548
14.618720
14.995684
15.426658
17.928324
18.936581
13.642637
9.955859
9.694985
10.472031
11.860262
14.322626
