2.000000
2.000000
2.000000
1.985344
1.972015
2.062166
2.000000
2.014223
2.017273
2.000000
1.992883
1.990676
1.944786
1.784167
1.769382
1.481176
1.532049
1.948732
2.000000
2.000000
2.000000
1.999887
1.950691
1.757365
1.693864
1.869543
1.680879
1.561526
1.819228
1.954130
1.996090
2.000000
2.000000
2.001292
1.995857
1.991777
1.992652
1.999587
2.000000
2.000000
2.000000
1.999881
1.964240
1.851795
1.825862
1.927565
1.451811
0.981782
1.280622
1.667589
1.943892
1.966324
1.766051
1.927348
1.956957
2.031502
1.989519
2.000000
2.000000
2.000000
2.000000
2.000000
2.036222
1.976453
1.950768
2.000000
2.000000
1.998621
1.993173
1.995646
1.995135
1.991275
1.953929
1.980950
1.980192
2.017716
1.981983
2.000000
2.000000
2.019386
2.000000
2.000000
2.018749
1.978200
1.586465
1.358528
1.924866
1.997826
1.987359
1.994923
1.990699
1.902518
1.842349
1.888547
1.702601
1.618530
1.670857
1.748891
1.900990
1.965197
2.000000
2.000000
2.000000
0.672602
-5.943256
-7.734743
-3.681676
1.194885
1.501692
1.448614
1.455339
1.196471
1.098482
1.142634
1.058661
1.010037
1.017997
1.052019
1.164108
1.124744
2.000000
2.000000
2.000000
-1.726308
-10.600668
-10.999999
-9.831923
-1.152447
1.002089
1.001026
1.002006
1.000045
1.000000
1.000000
1.000000
1.000000
1.000000
1.000000
1.000000
1.000000
2.000000
2.000000
2.000000
-1.494703
-10.559873
-11.000001
-10.873506
-5.296680
0.816681
1.000000
1.000000
1.000000
0.991644
0.995943
1.000000
1.000000
1.000000
1.000000
1.000000
1.000000
2.000000
2.000000
2.000000
-2.208912
-10.731298
-10.999999
-10.999999
-9.441620
-0.757810
1.000000
1.000000
1.000000
0.952865
0.977782
1.000000
1.000000
1.000000
1.000000
1.000000
1.000000
2.000000
2.000000
1.998412
-3.852675
-11.041081
-10.999999
-11.000000
-10.486492
-2.079461
1.000000
1.000000
1.000000
0.991050
0.996077
1.000000
1.000000
1.000000
1.000000
1.000000
1.000000
2.000000
2.000000
1.714822
-6.003348
-11.092836
-10.999999
-10.999999
-10.609566
-2.721108
1.000000
1.000000
1.000000
0.998615
0.999393
1.000000
1.000000
1.000000
1.000000
1.000000
1.000000
2.000000
1.998468
-1.247195
-9.890368
-11.006769
-10.999999
-11.000000
-10.531904
-2.270285
1.000000
1.000000
1.000000
1.000000
1.000000
1.000000
1.000000
1.000000
1.000000
1.000000
1.000000
2.000000
1.991614
-4.640268
-10.991451
-11.000001
-11.000001
-11.000000
-10.182578
-1.684651
1.000000
1.000000
1.000000
1.000000
1.000000
1.000000
1.000000
1.000000
1.000000
1.000000
1.000000
1.999414
1.885407
-5.989190
-11.072155
-10.999999
-11.001542
-11.175741
-10.361054
-1.457831
1.000000
1.000000
1.000000
1.000000
1.000000
1.000000
1.000000
1.000000
1.000000
1.000000
1.000000
1.866809
0.790666
-8.226969
-11.004201
-11.001306
-11.164876
-11.772802
-11.508079
-4.202888
0.927839
0.928437
1.000000
1.000000
1.000000
1.000000
1.000000
1.000000
1.000000
1.000000
1.000000
-7.068817
-7.039405
-10.741096
-11.000681
-11.148040
-11.755411
-11.984630
-11.416205
-6.018047
0.798575
0.854134
0.983682
1.000000
1.000000
1.000000
1.000000
1.000000
1.000000
1.024761
1.320499
-9.824611
-12.641264
-11.773393
-11.140411
-11.725894
-11.993302
-11.869991
-11.129861
-5.954358
0.820226
0.947510
0.980312
1.000000
1.000000
1.000000
0.987166
0.924413
1.000000
1.003962
1.128438
-5.447551
-12.863140
-12.656872
-11.846124
-11.991953
-11.948236
-11.285886
-9.943866
-8.000736
-3.684533
-0.254173
0.922598
1.000000
1.000000
1.000000
0.931452
0.919456
1.000000
1.000000
1.000000
-7.380385
-12.932563
-12.743574
-12.075933
-11.948785
-11.453373
-10.639867
-9.315172
-8.199200
-7.909983
-6.316491
-1.745975
0.805902
1.000000
1.000000
0.925776
0.925274
1.000000
1.000000
1.002584
-12.596580
-12.852973
-12.224598
-12.002811
-11.853612
-11.064718
-10.129263
-9.014909
-7.993060
-8.011885
-8.004824
-7.296134
-2.666249
0.928914
1.000000
1.000000
1.000000
1.011872
1.065796
1.009780
